TITLE
Specification file for example peptide resulting in a box with 6 copies.
END
TRANSFORM
# Number of transformations
     6
# Transformation 1
# M                                   V
  1.000000  0.000000  0.000000        0.00000            
  0.000000  1.000000  0.000000        0.00000            
  0.000000  0.000000  1.000000        0.00000            
# Transformation 2
# M                                   V
 -0.500000 -0.866025  0.000000        0.00000            
  0.866025 -0.500000  0.000000        0.00000            
  0.000000  0.000000  1.000000        0.00000            
# Transformation 3
# M                                   V
 -0.500000  0.866025  0.000000        0.00000            
 -0.866025 -0.500000  0.000000        0.00000            
  0.000000  0.000000  1.000000        0.00000            
# Transformation 4
# M                                   V
 -1.000000  0.000000  0.000000        0.00000            
  0.000000 -1.000000  0.000000        0.00000            
  0.000000  0.000000  1.000000       26.27350            
# Transformation 5
# M                                   V
  0.500000  0.866025  0.000000        0.00000            
 -0.866025  0.500000  0.000000        0.00000            
  0.000000  0.000000  1.000000       26.27350            
# Transformation 6
# M                                   V
  0.500000 -0.866025  0.000000        0.00000            
  0.866025  0.500000  0.000000        0.00000            
  0.000000  0.000000  1.000000       26.27350            
END
